01333000
01439500
01440000
01440400
01451800
01484100
01485500
01486000
01487000
01491000
01516500
01532000
01539000
01542810
01543000
01543500
01544500
01545600
01547700
01548500
01549500
01550000
01552000
01552500
01557500
01567500
01568000
01580000
01583500
01591400
01596500
01620500
01634500
01638480
01639500
01644000
01658500
01664000
01666500
01667500
01669000
02011400
02011460
02013000
02014000
02015700
02016000
02017500
02018000
02027000
02027500
02028500
02038850