06191500
06224000
06278300
06280300
06289000
06311000
06332515
06339100
06339500
06344600
06350000
06352000
06353000
06354000
06360500
06404000
06406000
06409000
06431500
06447000
06447500
06450500
06452000
06453600
06464500
06468170
06470800
06477500
06479438
06601000
06614800
06622700
06623800
06632400
06746095
06784000
06803510
06803530
06814000
06847900
06853800
06876700
06878000
06879650
06885500
06888500
06889200
06889500
06892000
06903400
06910800
06917000
06918460
06921070
06921200